43	23	1.85674E-17
42	24	1.51978E-13
43	24	3.06948E-14
44	24	0
41	25	1.82995E-11
42	25	1.00997E-11
43	25	3.8799E-12
44	25	9.81765E-13
45	25	1.47996E-13
46	25	1.72959E-14
40	26	2.29994E-10
41	26	3.24992E-10
42	26	3.18992E-10
43	26	2.12995E-10
44	26	8.86978E-11
45	26	2.80993E-11
46	26	5.28922E-12
47	26	6.94883E-13
48	26	5.91985E-14
49	26	3.69499E-15
39	27	2.43994E-10
40	27	8.22979E-10
41	27	1.91995E-09
42	27	3.11992E-09
43	27	3.35992E-09
44	27	2.76993E-09
45	27	1.41996E-09
46	27	5.04987E-10
47	27	1.17997E-10
48	27	1.71959E-11
49	27	1.78996E-12
50	27	5.86781E-14
38	28	3.34992E-11
39	28	2.75993E-10
40	28	1.49996E-09
41	28	5.64986E-09
42	28	1.45996E-08
43	28	2.87993E-08
44	28	3.74991E-08
45	28	3.39992E-08
46	28	2.07995E-08
47	28	8.32979E-09
48	28	2.35994E-09
49	28	4.07931E-10
50	28	8.39876E-11
51	28	2.03225E-12
52	28	2.09995E-13
37	29	3.29992E-13
38	29	7.17982E-12
39	29	6.85983E-11
40	29	8.97978E-10
41	29	4.1999E-09
42	29	2.56994E-08
43	29	7.9198E-08
44	29	1.69996E-07
45	29	2.51994E-07
46	29	2.58994E-07
47	29	1.89995E-07
48	29	8.89978E-08
49	29	4.93988E-08
50	29	9.45773E-09
51	29	9.55976E-10
52	29	9.14781E-11
53	29	5.63986E-12
36	30	0
37	30	1.78996E-14
38	30	6.54984E-13
39	30	1.27997E-11
40	30	2.56994E-10
41	30	2.36994E-09
42	30	2.21994E-08
43	30	1.10997E-07
44	30	3.8199E-07
45	30	9.37977E-07
46	30	1.63996E-06
47	30	1.92995E-06
48	30	2.71993E-06
49	30	1.35997E-06
50	30	3.75991E-07
51	30	9.75976E-08
52	30	1.69996E-08
53	30	2.67955E-09
54	30	1.27997E-10
55	30	6.12252E-12
35	31	0
36	31	0
37	31	0
38	31	1.70996E-14
39	31	7.76981E-13
40	31	2.34994E-11
41	31	2.36994E-10
42	31	5.99985E-09
43	31	2.52494E-08
44	31	3.00992E-07
45	31	1.21997E-06
46	31	3.41991E-06
47	31	1.13297E-05
48	31	1.36597E-05
49	31	9.62976E-06
50	31	6.40984E-06
51	31	3.00992E-06
52	31	1.34997E-06
53	31	1.84995E-07
54	31	2.84932E-08
55	31	1.32997E-09
56	31	2.90514E-11
34	32	0
35	32	0
36	32	0
37	32	0
38	32	0
39	32	0
40	32	9.58976E-13
41	32	6.20984E-12
42	32	7.23982E-10
43	32	9.89975E-09
44	32	1.14997E-07
45	32	1.03997E-07
46	32	6.20984E-06
47	32	8.67478E-06
48	32	2.90993E-05
49	32	4.59689E-05
50	32	5.39287E-05
51	32	6.39284E-05
52	32	2.39794E-05
53	32	1.06497E-05
54	32	1.41996E-06
55	32	2.01966E-07
56	32	1.58977E-08
57	32	2.34159E-10
58	32	1.81813E-11
36	33	0
38	33	0
39	33	0
40	33	1.04997E-14
41	33	4.45989E-13
42	33	2.78993E-11
43	33	7.55981E-10
44	33	1.39997E-08
45	33	2.76993E-07
46	33	1.89995E-06
47	33	7.79981E-06
48	33	2.87693E-05
49	33	3.9969E-05
50	33	0.000232014
51	33	0.000109482
52	33	0.000259524
53	33	9.34977E-05
54	33	3.77891E-05
55	33	8.63978E-06
56	33	1.08974E-06
57	33	7.1865E-08
58	33	1.18947E-08
59	33	7.43917E-11
38	34	0
39	34	0
40	34	0
41	34	0
42	34	4.41989E-13
43	34	1.99995E-11
44	34	1.19997E-09
45	34	2.89993E-09
46	34	2.41994E-07
47	34	1.94995E-06
48	34	1.55096E-05
49	34	2.11395E-05
50	34	0.000254744
51	34	0.000375001
52	34	0.000670193
53	34	0.000710712
54	34	0.000442059
55	34	0.000153156
56	34	4.14571E-05
57	34	5.82796E-06
58	34	6.0891E-07
59	34	7.69301E-08
60	34	2.34994E-09
61	34	4.81505E-11
40	35	0
42	35	0
43	35	3.08992E-13
44	35	1.21997E-11
45	35	3.61991E-10
46	35	1.19997E-08
47	35	6.67983E-08
48	35	4.28989E-06
49	35	1.62996E-05
50	35	0.000192215
51	35	0.000209715
52	35	0.00109962
53	35	0.00168945
54	35	0.0014998
55	35	0.00108863
56	35	0.00041351
57	35	0.000119797
58	35	2.52324E-05
59	35	3.57991E-06
60	35	2.24085E-07
61	35	1.90995E-08
62	35	2.86199E-10
63	35	2.10105E-11
41	36	0
42	36	0
43	36	0
44	36	8.22979E-14
45	36	7.33982E-13
46	36	2.95993E-10
47	36	3.00992E-09
48	36	2.69993E-07
49	36	1.07997E-06
50	36	3.27092E-05
51	36	0.000223754
52	36	0.000880558
53	36	0.00173696
54	36	0.00334597
55	36	0.00316098
56	36	0.00236152
57	36	0.00129524
58	36	0.000488608
59	36	0.000109793
60	36	1.98495E-05
61	36	1.98966E-06
62	36	1.71975E-07
63	36	1.03699E-07
64	36	2.68993E-10
65	36	2.47843E-11
42	37	0
44	37	0
46	37	3.48991E-12
47	37	1.72996E-10
48	37	1.06997E-08
49	37	2.74993E-08
50	37	3.37992E-06
51	37	3.66191E-05
52	37	0.000200015
53	37	0.000747711
54	37	0.00223558
55	37	0.00346502
56	37	0.00502508
57	37	0.00453786
58	37	0.00268138
59	37	0.00127128
60	37	0.000343891
61	37	8.2038E-05
62	37	3.40125E-05
63	37	1.04997E-06
64	37	1.15342E-07
65	37	5.83895E-10
66	37	7.76315E-11
45	38	0
46	38	0
47	38	8.69978E-13
48	38	8.23979E-11
49	38	8.98978E-10
50	38	1.49996E-07
51	38	2.28994E-06
52	38	2.93893E-05
53	38	0.000177916
54	38	0.00081433
55	38	0.00236196
56	38	0.005472
57	38	0.00766776
58	38	0.00887612
59	38	0.006015
60	38	0.00370843
61	38	0.0013162
62	38	0.000351881
63	38	5.65132E-05
64	38	4.7793E-06
65	38	5.39696E-07
66	38	1.07997E-08
67	38	1.70925E-10
68	38	2.65649E-11
46	39	0
48	39	3.74991E-13
49	39	3.57991E-11
50	39	1.33997E-09
51	39	3.00492E-08
52	39	5.39987E-07
53	39	1.23697E-05
54	39	5.34537E-05
55	39	0.000595575
56	39	0.00197745
57	39	0.00490552
58	39	0.00434877
59	39	0.00643038
60	39	0.0114937
61	39	0.00778033
62	39	0.00336406
63	39	0.000826219
64	39	0.000177016
65	39	1.64196E-05
66	39	7.95457E-07
67	39	1.05003E-07
68	39	3.94375E-10
69	39	1.75902E-11
47	40	0
48	40	0
49	40	9.61976E-14
50	40	5.24987E-12
51	40	5.38987E-10
52	40	1.74996E-08
53	40	4.24989E-07
54	40	6.60983E-06
55	40	5.87185E-05
56	40	0.00041503
57	40	0.00165728
58	40	0.00587377
59	40	0.0124914
60	40	0.0205608
61	40	0.0219896
62	40	0.0144602
63	40	0.00843341
64	40	0.00224329
65	40	0.000389745
66	40	6.05735E-05
67	40	2.7417E-06
68	40	1.43979E-07
69	40	1.71645E-09
70	40	5.80985E-11
48	41	0
49	41	0
50	41	1.52996E-14
51	41	1.46996E-12
52	41	1.92995E-11
53	41	1.82995E-09
54	41	2.13995E-08
55	41	2.15995E-06
56	41	4.1199E-06
57	41	5.41286E-05
58	41	0.00107263
59	41	0.00285327
60	41	0.013031
61	41	0.0101908
62	41	0.0306071
63	41	0.0107359
64	41	0.00999452
65	41	0.00440883
66	41	0.000899255
67	41	0.000101577
68	41	7.98808E-06
69	41	3.9699E-07
70	41	2.04079E-09
71	41	6.52302E-11
48	42	0
49	42	0
50	42	0
51	42	0
52	42	2.51994E-13
53	42	1.77996E-11
54	42	9.91975E-10
55	42	3.00992E-08
56	42	7.78981E-07
57	42	1.14397E-05
58	42	0.000148426
59	42	0.000892798
60	42	0.00464239
61	42	0.0146775
62	42	0.0282764
63	42	0.0301931
64	42	0.0346639
65	42	0.0200727
66	42	0.00666876
67	42	0.00148376
68	42	0.000231094
69	42	1.41876E-05
70	42	5.33921E-07
71	42	3.52743E-09
72	42	6.23984E-11
73	42	3.22235E-13
74	42	0
50	43	0
52	43	0
54	43	1.09997E-12
55	43	1.62996E-10
56	43	1.28997E-09
57	43	2.52994E-07
58	43	4.45989E-06
59	43	2.94093E-05
60	43	0.000565526
61	43	0.00430693
62	43	0.0210469
63	43	0.0219304
64	43	0.0363314
65	43	0.0333189
66	43	0.0188674
67	43	0.0085513
68	43	0.00175805
69	43	0.000229174
70	43	1.64161E-05
71	43	3.8699E-07
72	43	7.88756E-09
73	43	4.54989E-12
74	43	5.70791E-15
75	43	3.44432E-16
76	43	2.18756E-19
51	44	0
52	44	0
53	44	0
54	44	0
55	44	3.32992E-13
56	44	3.65991E-11
57	44	1.89995E-09
58	44	7.60981E-08
59	44	1.30997E-06
60	44	3.14092E-05
61	44	0.000682943
62	44	0.00208153
63	44	0.00871564
64	44	0.019831
65	44	0.0149373
66	44	0.0362325
67	44	0.0225906
68	44	0.00938537
69	44	0.00213214
70	44	0.000190375
71	44	1.17818E-05
72	44	2.28994E-07
73	44	3.7099E-09
74	44	2.25994E-10
75	44	4.46989E-13
76	44	0
78	44	0
79	44	0
80	44	3.50991E-11
54	45	0
56	45	3.60991E-14
57	45	2.77993E-12
58	45	9.47976E-11
59	45	1.58996E-08
60	45	8.26979E-08
61	45	5.91985E-06
62	45	0.000158416
63	45	0.000573036
64	45	0.00253712
65	45	0.00674673
66	45	0.0245636
67	45	0.0239274
68	45	0.0194716
69	45	0.00560272
70	45	0.00171205
71	45	0.000226234
72	45	2.15295E-05
73	45	3.53991E-06
74	45	5.10987E-08
75	45	3.9399E-11
76	45	0
77	45	0
78	45	1.43996E-14
79	45	1.42996E-08
80	45	2.74512E-10
53	46	0
55	46	0
56	46	0
57	46	0
58	46	1.19997E-12
59	46	1.06997E-10
60	46	6.21984E-09
61	46	1.70996E-07
62	46	6.07985E-06
63	46	5.26187E-05
64	46	0.000605005
65	46	0.00170632
66	46	0.00745023
67	46	0.023933
68	46	0.0181656
69	46	0.0169496
70	46	0.00818516
71	46	0.00291707
72	46	0.00126726
73	46	8.49279E-05
74	46	4.0499E-06
75	46	8.1098E-09
76	46	3.31992E-12
77	46	1.77996E-08
78	46	1.41996E-06
79	46	4.50244E-08
80	46	6.05985E-14
82	46	0
56	47	0
58	47	0
59	47	1.26997E-13
60	47	2.25994E-11
61	47	9.49976E-10
62	47	3.8499E-08
63	47	1.24997E-06
64	47	3.02892E-05
65	47	0.000360121
66	47	0.00195569
67	47	0.00912642
68	47	0.00537491
69	47	0.00537165
70	47	0.00515087
71	47	0.00294023
72	47	0.00193342
73	47	0.0003973
74	47	0.000189615
75	47	2.33794E-05
76	47	3.33892E-05
77	47	2.41594E-05
78	47	2.02995E-06
79	47	1.97995E-09
80	47	0
81	47	0
82	47	6.7534E-15
83	47	1.22997E-12
84	47	2.00539E-14
85	47	4.97614E-15
57	48	0
58	48	0
59	48	0
60	48	4.86988E-14
61	48	6.00985E-12
62	48	4.53989E-10
63	48	2.45994E-08
64	48	9.99975E-07
65	48	1.84595E-05
66	48	0.000197575
67	48	0.00041036
68	48	0.000982605
69	48	0.00146595
70	48	0.00272119
71	48	0.000890708
72	48	0.00156007
73	48	0.000489273
74	48	0.000834409
75	48	0.000334202
76	48	0.000110407
77	48	2.68593E-05
78	48	2.32994E-06
79	48	9.82975E-11
80	48	3.34992E-11
81	48	8.36978E-09
82	48	8.82978E-08
83	48	6.67981E-09
84	48	7.05977E-10
85	48	1.75532E-10
86	48	3.79991E-11
58	49	0
60	49	0
62	49	1.63996E-12
63	49	1.51996E-10
64	49	2.91993E-09
65	49	2.60993E-07
66	49	2.22994E-07
67	49	8.26646E-07
68	49	1.59996E-06
69	49	4.40489E-06
70	49	7.8898E-06
71	49	1.02797E-05
72	49	1.33997E-06
73	49	1.11997E-06
74	49	7.8298E-06
75	49	4.73238E-05
76	49	3.65791E-05
77	49	3.9919E-05
78	49	2.37794E-05
79	49	1.65796E-05
80	49	4.88288E-05
81	49	3.39492E-05
82	49	1.30997E-05
83	49	5.13987E-06
84	49	1.94978E-06
85	49	2.58994E-07
86	49	1.78048E-09
87	49	1.42996E-10
88	49	3.50918E-12
61	50	0
62	50	0
63	50	4.1049E-13
64	50	4.82988E-11
65	50	1.33997E-10
66	50	1.90995E-10
67	50	4.2049E-10
68	50	1.15997E-08
69	50	1.43996E-08
70	50	2.20994E-09
71	50	1.53996E-12
72	50	0
73	50	8.43979E-09
74	50	2.26794E-05
75	50	1.82195E-05
76	50	0.000176516
77	50	0.000284673
78	50	0.000874898
79	50	0.00117771
80	50	0.00180987
81	50	0.00147817
82	50	0.00137698
83	50	0.000626064
84	50	0.000150876
85	50	1.23779E-05
86	50	8.66978E-07
87	50	2.43959E-08
88	50	6.65983E-10
89	50	2.2127E-11
62	51	0
64	51	0
66	51	0
67	51	3.13992E-14
68	51	7.9998E-14
69	51	0
70	51	0
71	51	0
72	51	3.16992E-14
73	51	3.24659E-07
74	51	1.13197E-05
75	51	5.71986E-06
76	51	2.68393E-05
77	51	9.47976E-05
78	51	0.00172207
79	51	0.0027986
80	51	0.00994502
81	51	0.0051095
82	51	0.0105626
83	51	0.00279153
84	51	0.00145754
85	51	0.000301802
86	51	2.49994E-05
87	51	2.02995E-06
88	51	1.02975E-07
89	51	1.03586E-09
63	52	0
65	52	0
66	52	0
67	52	0
68	52	0
69	52	0
70	52	0
71	52	0
72	52	1.05997E-08
73	52	4.72988E-07
74	52	1.05997E-07
75	52	1.49996E-11
76	52	1.50996E-09
77	52	4.40989E-06
78	52	0.000307292
79	52	0.00236104
80	52	0.00776717
81	52	0.01284
82	52	0.023516
83	52	0.0178403
84	52	0.00911827
85	52	0.00233428
86	52	0.000541276
87	52	8.21679E-05
88	52	8.47875E-06
89	52	8.41155E-07
90	52	3.46949E-08
91	52	1.82821E-10
68	53	0
70	53	0
72	53	6.52984E-09
73	53	1.60996E-11
74	53	0
75	53	0
76	53	4.0799E-11
77	53	1.43996E-07
78	53	1.41196E-05
79	53	0.000105342
80	53	0.00109727
81	53	0.00582659
82	53	0.0185239
83	53	0.0093232
84	53	0.0157253
85	53	0.0100441
86	53	0.00409682
87	53	0.00116391
88	53	0.000275892
89	53	3.74791E-05
90	53	8.50816E-07
91	53	2.00108E-07
92	53	1.60502E-09
70	54	0
71	54	9.74976E-12
72	54	0
73	54	0
74	54	0
75	54	0
76	54	1.84995E-11
77	54	1.65996E-09
78	54	2.43994E-07
79	54	1.63596E-05
80	54	0.000260074
81	54	0.00225259
82	54	0.00816024
83	54	0.0259237
84	54	0.0363464
85	54	0.0349508
86	54	0.0255341
87	54	0.0100177
88	54	0.00368023
89	54	0.000208434
90	54	0.000115437
91	54	1.11581E-05
92	54	6.49904E-07
93	54	1.92088E-07
94	54	4.29989E-10
72	55	0
74	55	0
76	55	0
77	55	6.64983E-12
78	55	1.13997E-08
79	55	5.44986E-07
80	55	1.03497E-05
81	55	0.000145886
82	55	0.00692515
83	55	0.00300766
84	55	0.018261
85	55	0.0277035
86	55	0.0379339
87	55	0.0253394
88	55	0.00742578
89	55	0.00548533
90	55	0.00149342
91	55	0.000257874
92	55	6.30033E-05
93	55	1.53996E-06
94	55	8.23463E-08
95	55	1.14997E-09
96	55	2.68318E-11
73	56	0
75	56	0
76	56	0
77	56	3.56991E-13
78	56	2.78993E-10
79	56	9.64976E-09
80	56	4.38489E-07
81	56	9.07977E-06
82	56	0.000128867
83	56	0.00144573
84	56	0.00516028
85	56	0.0110981
86	56	0.0269547
87	56	0.04395
88	56	0.0337359
89	56	0.0205896
90	56	0.00980832
91	56	0.00243807
92	56	0.000479658
93	56	4.03466E-05
94	56	3.26992E-06
95	56	1.86535E-07
96	56	3.76991E-09
97	56	5.56397E-11
76	57	0
78	57	9.41976E-13
80	57	5.79986E-09
81	57	1.72996E-07
82	57	4.0699E-06
83	57	5.03087E-05
84	57	0.000371871
85	57	0.00413822
86	57	0.0105361
87	57	0.0186132
88	57	0.0250816
89	57	0.0119487
90	57	0.0193895
91	57	0.0098608
92	57	0.00234242
93	57	0.000550596
94	57	6.11819E-05
95	57	5.58986E-06
96	57	2.58938E-07
97	57	6.17985E-09
98	57	7.76622E-11
77	58	0
79	58	2.17995E-13
80	58	1.96995E-11
81	58	1.01997E-09
82	58	5.12987E-08
83	58	1.07997E-06
84	58	1.56496E-05
85	58	0.000164456
86	58	0.00101137
87	58	0.00346565
88	58	0.0100996
89	58	0.0190912
90	58	0.0235489
91	58	0.0149637
92	58	0.0094088
93	58	0.00291502
94	58	0.000744581
95	58	0.000101807
96	58	7.32982E-06
97	58	5.39909E-07
98	58	2.92957E-08
99	58	5.89985E-10
80	59	2.77993E-14
81	59	2.93993E-12
82	59	1.73996E-10
83	59	3.74491E-09
84	59	2.26994E-07
85	59	3.41991E-06
86	59	4.24589E-05
87	59	0.000307462
88	59	0.00180901
89	59	0.00270377
90	59	0.00928676
91	59	0.0130194
92	59	0.0106932
93	59	0.00696157
94	59	0.00260537
95	59	0.000532617
96	59	0.000114697
97	59	1.81695E-05
98	59	1.07997E-06
99	59	4.81988E-08
100	59	1.92954E-09
80	60	0
81	60	0
82	60	2.96993E-13
83	60	2.53994E-11
84	60	1.26997E-09
85	60	4.33989E-08
86	60	9.20977E-07
87	60	1.43496E-05
88	60	0.000132567
89	60	0.000580216
90	60	0.00144974
91	60	0.00560351
92	60	0.00828008
93	60	0.00798848
94	60	0.00418763
95	60	0.00243232
96	60	0.0010526
97	60	0.000176976
98	60	2.27594E-05
99	60	2.53994E-06
100	60	1.73996E-07
101	60	7.30877E-09
80	61	0
82	61	0
83	61	2.32994E-14
84	61	2.41994E-12
85	61	1.58996E-10
86	61	7.41981E-09
87	61	1.45996E-07
88	61	2.85993E-06
89	61	1.92295E-05
90	61	0.000214605
91	61	0.000403837
92	61	0.00216733
93	61	0.00254533
94	61	0.0044045
95	61	0.0045828
96	61	0.00199851
97	61	0.000691413
98	61	0.000204045
99	61	3.8979E-05
100	61	4.40989E-06
101	61	3.09992E-07
102	61	1.42996E-08
81	62	0
82	62	0
83	62	0
84	62	0
85	62	3.27992E-13
86	62	2.78993E-11
87	62	1.19997E-09
88	62	4.1899E-08
89	62	8.55979E-07
90	62	1.32097E-05
91	62	6.55784E-05
92	62	0.00041876
93	62	0.000959376
94	62	0.00101355
95	62	0.00284717
96	62	0.00244545
97	62	0.00176033
98	62	0.000867468
99	62	0.000249364
100	62	4.57289E-05
101	62	5.77986E-06
102	62	5.21987E-07
103	62	2.97993E-08
84	63	0
86	63	2.74993E-14
88	63	1.88995E-10
89	63	2.89993E-09
90	63	1.37997E-07
91	63	1.28997E-06
92	63	1.72496E-05
93	63	9.92175E-05
94	63	0.000349611
95	63	0.00148045
96	63	0.00131061
97	63	0.0015702
98	63	0.00106111
99	63	0.000469828
100	63	0.000151566
101	63	3.51791E-05
102	63	5.42986E-06
103	63	6.29984E-07
104	63	4.0499E-08
105	63	1.74996E-09
83	64	0
85	64	0
87	64	0
88	64	4.76988E-13
89	64	2.34994E-11
90	64	1.35997E-09
91	64	2.67993E-08
92	64	4.75988E-07
93	64	4.68988E-06
94	64	5.58086E-05
95	64	0.000123957
96	64	0.000374411
97	64	0.000594755
98	64	0.000610435
99	64	0.000468458
100	64	0.000258024
101	64	9.96175E-05
102	64	2.91893E-05
103	64	4.86988E-06
104	64	5.73986E-07
105	64	2.85993E-08
106	64	2.43994E-09
86	65	0
88	65	0
90	65	2.42994E-12
91	65	1.29997E-11
92	65	3.8199E-09
93	65	1.32997E-08
94	65	8.0798E-07
95	65	6.72983E-06
96	65	2.71493E-05
97	65	3.42791E-05
98	65	0.000128467
99	65	0.000165096
100	65	0.000150946
101	65	0.000103557
102	65	4.1419E-05
103	65	1.23897E-05
104	65	1.56996E-06
105	65	3.61991E-07
106	65	3.58991E-08
107	65	2.34994E-09
89	66	0
90	66	0
91	66	2.59994E-13
92	66	2.74993E-11
93	66	4.71988E-10
94	66	1.12997E-08
95	66	1.22997E-07
96	66	8.23979E-07
97	66	4.0899E-06
98	66	1.31797E-05
99	66	3.8999E-06
100	66	4.85688E-05
101	66	4.50989E-05
102	66	3.20192E-05
103	66	9.59976E-06
104	66	5.48986E-06
105	66	1.36997E-06
106	66	2.29994E-07
92	67	0
94	67	4.24989E-12
95	67	4.21989E-10
96	67	1.08997E-09
97	67	5.04987E-08
98	67	4.40989E-07
99	67	1.39997E-06
100	67	4.1999E-06
101	67	7.32982E-06
102	67	5.13987E-06
103	67	3.47991E-06
104	67	4.0399E-06
105	67	1.62996E-06
93	68	0
94	68	3.68991E-14
95	68	1.45996E-12
96	68	3.49991E-11
97	68	6.01985E-10
98	68	7.38982E-09
99	68	5.35987E-09
100	68	1.91995E-07
101	68	3.38992E-07
102	68	1.14997E-06
103	68	1.58996E-06
104	68	1.47996E-06
96	69	4.64988E-14
97	69	1.58996E-12
98	69	2.43994E-11
99	69	3.16992E-10
100	69	1.58996E-09
101	69	1.38997E-08
102	69	4.90988E-08
103	69	1.14997E-07
96	70	0
97	70	0
98	70	4.47989E-14
99	70	8.1098E-14
100	70	1.52996E-11
101	70	1.46996E-10
102	70	9.15977E-10
98	71	0
100	71	1.26997E-14
101	71	2.18995E-13
99	72	0
100	72	0

