	    66   5.25987e-8   2.36694e-8  #dY:45.0%  
            67   1.43996e-7   6.47984e-8  #dY:45.0%  
            68    3.8399e-7   1.22877e-7  #dY:32.0%  
            69   9.90975e-7   4.45939e-7  #dY:45.0%  
            70   2.38994e-6   5.49686e-7  #dY:23.0%  
            71   6.01985e-6   1.92635e-6  #dY:32.0%  
            72   1.40996e-5   9.02377e-6  #dY:64.0%  
            73   3.20992e-5   1.44446e-5  #dY:45.0%  
            74   7.05982e-5   2.25914e-5  #dY:32.0%  
            75  0.000151996   6.83983e-5  #dY:45.0%  
            76  0.000316992  0.000101437  #dY:32.0%  
            77  0.000624984  0.000199995  #dY:32.0%  
            78   0.00206095  0.000226704  #dY:11.0%  
            79   0.00343591   0.00154616  #dY:45.0%  
            80   0.00478388   0.00153084  #dY:32.0%  
            81   0.00833579   0.00133373  #dY:16.0%  
            82    0.0152536   0.00244058  #dY:16.0%  
            83     0.041333   0.00247998  #dY:6.0%   
            84    0.0658114    0.0105298  #dY:16.0%  
            85     0.109028    0.0065417  #dY:6.0%   
            86     0.127382    0.0203811  #dY:16.0%  
            87     0.214944     0.068782  #dY:32.0%  
            88       0.3161     0.025288  #dY:8.0%   
            89     0.363224    0.0101703  #dY:2.8%   
            90     0.522452     0.334369  #dY:64.0%  
            91     0.597068     0.382124  #dY:64.0%  
            92     0.683922    0.0191498  #dY:2.8%   
            93     0.922752    0.0369101  #dY:4.0%   
            94      1.08214    0.0649285  #dY:6.0%   
            95       1.2428    0.0248561  #dY:2.0%   
            96      1.59525     0.175478  #dY:11.0%  
            97      1.66712    0.0466793  #dY:2.8%   
            98      2.29703     0.252673  #dY:11.0%  
            99        2.632      0.05264  #dY:2.0%   
           100      3.44805     0.275844  #dY:8.0%   
           101      3.93385     0.157354  #dY:4.0%   
           102      4.03795     0.161518  #dY:4.0%   
           103      5.44707     0.152518  #dY:2.8%   
           104      5.65684     0.226273  #dY:4.0%   
           105      6.21147     0.124229  #dY:2.0%   
           106      6.31152      0.12623  #dY:2.0%   
           107      6.61804     0.264722  #dY:4.0%   
           108      6.10925     0.171059  #dY:2.8%   
           109      5.94027      3.80177  #dY:64.0%  
           110      5.90283     0.649311  #dY:11.0%  
           111       5.1875      0.10375  #dY:2.0%   
           112      4.13538     0.115791  #dY:2.8%   
           113      4.78271     0.191308  #dY:4.0%   
           114      3.32831     0.366114  #dY:11.0%  
           115      2.89714    0.0579428  #dY:2.0%   
           116      2.12699     0.233969  #dY:11.0%  
           117      1.50062     0.960395  #dY:64.0%  
           118     0.993842     0.109323  #dY:11.0%  
           119     0.384137    0.0422551  #dY:11.0%  
           120     0.238956    0.0262852  #dY:11.0%  
           121     0.117529   0.00235058  #dY:2.0%   
           122    0.0884618    0.0141539  #dY:16.0%  
           123     0.040868   0.00326944  #dY:8.0%   
           124    0.0253334   0.00405334  #dY:16.0%  
           125    0.0176846   0.00141476  #dY:8.0%   
           126    0.0277113   0.00304824  #dY:11.0%  
           127     0.105586   0.00844691  #dY:8.0%   
           128     0.193484    0.0212833  #dY:11.0%  
           129      0.58879    0.0235516  #dY:4.0%   
           130     0.847055     0.135529  #dY:16.0%  
           131      1.59977    0.0639909  #dY:4.0%   
           132      2.15254    0.0602712  #dY:2.8%   
           133      3.15187      2.01719  #dY:64.0%  
           134      3.89949      0.15598  #dY:4.0%   
           135      4.19004      2.68162  #dY:64.0%  
           136      4.16225      0.33298  #dY:8.0%   
           137      5.02246     0.140629  #dY:2.8%   
           138      5.56137     0.155718  #dY:2.8%   
           139      5.85334     0.117067  #dY:2.0%   
           140      5.95971    0.0834359  #dY:1.4%   
           141       5.9662     0.119324  #dY:2.0%   
           142       6.0256     0.168717  #dY:2.8%   
           143      6.25366     0.125073  #dY:2.0%   
           144      5.89893     0.117979  #dY:2.0%   
           145      5.05139     0.202055  #dY:4.0%   
           146      4.43378     0.177351  #dY:4.0%   
           147      4.28054    0.0856108  #dY:2.0%   
           148      3.94565     0.315652  #dY:8.0%   
           149      2.71934    0.0761416  #dY:2.8%   
           150      2.44292     0.268721  #dY:11.0%  
           151      1.94886     0.054568  #dY:2.8%   
           152      1.72166     0.189382  #dY:11.0%  
           153       1.2929    0.0362011  #dY:2.8%   
           154      1.06698     0.117368  #dY:11.0%  
           155      0.79287    0.0317148  #dY:4.0%   
           156     0.676683    0.0189471  #dY:2.8%   
           157     0.537806    0.0215122  #dY:4.0%   
           158       0.4696     0.051656  #dY:11.0%  
           159     0.340229    0.0204137  #dY:6.0%   
           160     0.285124    0.0313636  #dY:11.0%  
           161     0.193691   0.00774765  #dY:4.0%   
           162     0.119569     0.019131  #dY:16.0%  
           163    0.0758371    0.0121339  #dY:16.0%  
           164    0.0472038   0.00755261  #dY:16.0%  
           165    0.0286443   0.00458309  #dY:16.0%  
           166    0.0183955   0.00202351  #dY:11.0%  
           167   0.00956776   0.00153084  #dY:16.0%  
           168   0.00525087  0.000840139  #dY:16.0%  
           169   0.00166896   0.00038386  #dY:23.0%  
           170   0.00139697  0.000628634  #dY:45.0%  
           171  0.000707982  0.000318592  #dY:45.0%  
           172  0.000345991  0.000155696  #dY:45.0%  
