1.85674e-13  66   23
4.41524e-14  67   23
1.51978e-09  66   24
3.06948e-10  67   24
2.10958e-12  69   24
3.71648e-14  71   24
1.82995e-07  66   25
1.00997e-07  67   25
3.8799e-08  68   25
9.81765e-09  69   25
1.47996e-09  70   25
1.72959e-10  71   25
6.46194e-12  72   25
9.99541e-13  73   25
2.29994e-06  66   26
3.24992e-06  67   26
3.18992e-06  68   26
2.12995e-06  69   26
8.86978e-07  70   26
2.80993e-07  71   26
5.28922e-08  72   26
6.94883e-09  73   26
5.91985e-10  74   26
3.69499e-11  75   26
2.43994e-06  66   27
8.22979e-06  67   27
1.91995e-05  68   27
3.11992e-05  69   27
3.35992e-05  70   27
2.76993e-05  71   27
1.41996e-05  72   27
5.04987e-06  73   27
1.17997e-06  74   27
1.71959e-07  75   27
1.78996e-08  76   27
5.86781e-10  77   27
3.34992e-07  66   28
2.75993e-06  67   28
1.49996e-05  68   28
5.64986e-05  69   28
0.000145996  70   28
0.000287993  71   28
0.000374991  72   28
0.000339992  73   28
0.000207995  74   28
8.32979e-05  75   28
2.35994e-05  76   28
4.07931e-06  77   28
2.03225e-08  78   28
2.09995e-09  80   28
1.96565e-10  81   28
3.29992e-09  66   29
7.17982e-08  67   29
9.79976e-07  68   29
8.97978e-06  69   29
5.59987e-05  70   29
0.000256994  71   29
0.00079198  72   29
0.00169996  73   29
0.00251994  74   29
0.00258994  75   29
0.00189995  76   29
0.000889978  77   29
9.45773e-05  78   29
9.55976e-06  80   29
9.14781e-07  81   29
5.63986e-08  82   29
3.85434e-09  83   29
1.78996e-10  67   30
6.54984e-09  68   30
1.57896e-07  69   30
2.56994e-06  70   30
2.92493e-05  71   30
0.000221994  72   30
0.00110997  73   30
0.0038199  74   30
0.00937977  75   30
0.0163996  76   30
0.0192995  77   30
0.0271993  78   30
0.0135997  79   30
0.00375991  80   30
0.000975976  81   30
0.000169996  82   30
2.67955e-05  83   30
1.27997e-06  84   30
6.12252e-08  85   30
1.04997e-09  86   30
1.70996e-10  69   31
7.76981e-09  70   31
2.34994e-07  71   31
4.73988e-06  72   31
5.99985e-05  73   31
0.000504988  74   31
0.00300992  75   31
0.0121997  76   31
0.0341991  77   31
0.113297  78   31
0.136597  79   31
0.0962976  80   31
0.0640984  81   31
0.0300992  82   31
0.0134997  83   31
0.00184995  84   31
0.000284932  85   31
1.32997e-05  86   31
2.90514e-07  87   31
1.94225e-08  88   31
9.58976e-09  72   32
3.27091e-07  73   32
7.23982e-06  74   32
0.000113797  75   32
0.00114997  76   32
0.0079798  77   32
0.0620984  78   32
0.173496  79   32
0.290993  80   32
0.459689  81   32
0.539287  82   32
0.639284  83   32
0.239794  84   32
0.106497  85   32
0.0141996  86   32
0.00201966  87   32
0.000158977  88   32
2.34159e-06  89   32
1.81813e-07  90   32
2.55589e-08  91   32
1.04997e-10  73   33
6.36984e-09  74   33
2.78993e-07  75   33
7.55981e-06  76   33
0.000139997  77   33
0.00276993  78   33
0.0189995  79   33
0.0779981  80   33
0.287693  81   33
0.79938  82   33
2.32014  83   33
2.18964  84   33
2.59524  85   33
0.934977  86   33
0.377891  87   33
0.0863978  88   33
0.0108974  89   33
0.00071865  90   33
0.000118947  91   33
7.43917e-07  92   33
1.10659e-07  93   33
4.41989e-09  76   34
2.29794e-07  77   34
1.19997e-05  78   34
0.000222994  79   34
0.00241994  80   34
0.0224194  81   34
0.155096  82   34
1.11257  83   34
2.54744  84   34
7.50002  85   34
6.70193  86   34
7.10712  87   34
4.42059  88   34
1.53156  89   34
0.414571  90   34
0.0582796  91   34
0.0060891  92   34
0.000769301  93   34
2.34994e-05  94   34
4.81505e-07  95   34
1.54996e-08  96   34
3.08992e-09  78   35
1.58596e-07  79   35
4.82988e-06  80   35
0.000119997  81   35
0.00222794  82   35
0.0428989  83   35
0.254694  84   35
1.92215  85   35
4.1943  86   35
10.9962  87   35
16.8945  88   35
14.998  89   35
10.8863  90   35
4.1351  91   35
1.19797  92   35
0.252324  93   35
0.0357991  94   35
0.00224085  95   35
0.000190995  96   35
2.86199e-06  97   35
2.10105e-07  98   35
1.49164e-07  99   35
8.22979e-10  80   36
5.64386e-08  81   36
2.95993e-06  82   36
0.000158096  83   36
0.00269993  84   36
0.0567986  85   36
0.327092  86   36
2.23754  87   36
8.80558  88   36
17.3696  89   36
33.4597  90   36
31.6098  91   36
23.6152  92   36
12.9524  93   36
4.88608  94   36
1.09793  95   36
0.198495  96   36
0.0198966  97   36
0.00171975  98   36
0.00103699  99   36
2.68993e-06  100   36
2.47843e-07  101   36
3.48991e-08  83   37
1.72996e-06  84   37
0.000106997  85   37
0.000549986  86   37
0.0337992  87   37
0.366191  88   37
2.00015  89   37
9.23097  90   37
22.3558  91   37
34.6502  92   37
50.2508  93   37
45.3786  94   37
26.8138  95   37
12.7128  96   37
3.43891  97   37
0.82038  98   37
0.340125  99   37
0.0104997  100   37
0.00115342  101   37
5.83895e-06  102   37
7.76315e-07  103   37
1.73996e-08  85   38
8.23979e-07  86   38
4.72888e-05  87   38
0.00149996  88   38
0.0228994  89   38
0.293893  90   38
1.77916  91   38
8.1433  92   38
23.6196  93   38
54.72  94   38
76.6776  95   38
88.7612  96   38
60.15  97   38
37.0843  98   38
13.162  99   38
3.51881  100   38
0.565132  101   38
0.047793  102   38
0.00539696  103   38
0.000107997  104   38
1.70925e-06  105   38
2.65649e-07  106   38
3.74991e-09  87   39
3.57991e-07  88   39
1.65496e-05  89   39
0.000600984  90   39
0.0107997  91   39
0.123697  92   39
1.06907  93   39
5.95575  94   39
19.7745  95   39
54.506  96   39
86.9754  97   39
128.616  98   39
114.937  99   39
77.8033  100   39
33.6406  101   39
8.26219  102   39
1.77016  103   39
0.164196  104   39
0.00795457  105   39
0.00105003  106   39
3.94375e-06  107   39
1.75902e-07  108   39
9.61976e-10  89   40
1.04997e-07  90   40
5.38987e-06  91   40
0.000174996  92   40
0.00424989  93   40
0.0660983  94   40
0.587185  95   40
4.1503  96   40
16.5728  97   40
58.7377  98   40
124.914  99   40
205.608  100   40
219.896  101   40
144.602  102   40
84.3341  103   40
22.4329  104   40
3.89745  105   40
0.605735  106   40
0.027417  107   40
0.00143979  108   40
1.71645e-05  109   40
5.80985e-07  110   40
1.52996e-10  91   41
1.46996e-08  92   41
1.01497e-06  93   41
4.45988e-05  94   41
0.00112597  95   41
0.0215995  96   41
0.216895  97   41
2.16505  98   41
11.659  99   41
57.0654  100   41
130.31  101   41
203.816  102   41
306.071  103   41
214.718  104   41
99.9452  105   41
44.0883  106   41
8.99255  107   41
1.01577  108   41
0.0798808  109   41
0.0039699  110   41
2.04079e-05  111   41
6.52302e-07  112   41
2.51994e-09  94   42
1.77996e-07  95   42
9.91975e-06  96   42
0.000300992  97   42
0.00778981  98   42
0.114397  99   42
1.48426  100   42
8.92798  101   42
46.4239  102   42
146.775  103   42
282.764  104   42
301.931  105   42
346.639  106   42
200.727  107   42
66.6876  108   42
14.8376  109   42
2.31094  110   42
0.141876  111   42
0.00533921  112   42
3.52743e-05  113   42
6.23984e-07  114   42
3.22235e-09  115   42
2.19994e-08  97   43
1.62996e-06  98   43
6.76983e-05  99   43
0.00252994  100   43
0.0445989  101   43
0.588186  102   43
5.65526  103   43
43.0693  104   43
210.469  105   43
219.304  106   43
363.314  107   43
333.189  108   43
188.674  109   43
85.513  110   43
17.5805  111   43
2.29174  112   43
0.164161  113   43
0.0038699  114   43
7.88756e-05  115   43
4.54989e-08  116   43
5.70791e-11  117   43
3.44432e-12  118   43
2.18756e-15  119   43
3.32992e-09  99   44
3.65991e-07  100   44
1.89995e-05  101   44
0.000760981  102   44
0.0130997  103   44
0.314092  104   44
6.82943  105   44
20.8153  106   44
87.1564  107   44
198.31  108   44
298.746  109   44
362.325  110   44
225.906  111   44
93.8537  112   44
21.3214  113   44
1.90375  114   44
0.117818  115   44
0.00228994  116   44
3.7099e-05  117   44
2.25994e-06  118   44
4.46989e-09  119   44
3.50991e-07  124   44
3.60991e-10  101   45
5.55986e-08  102   45
1.08997e-06  103   45
0.000212095  104   45
0.00635684  105   45
0.118397  106   45
1.58416  107   45
11.4607  108   45
90.5332  109   45
134.625  110   45
245.636  111   45
239.274  112   45
194.716  113   45
56.0272  114   45
17.1205  115   45
2.26234  116   45
0.215295  117   45
0.0353991  118   45
0.000510987  119   45
3.9399e-07  120   45
1.43996e-10  123   45
0.000142996  124   45
2.74512e-06  125   45
1.19997e-08  104   46
1.06997e-06  105   46
6.21984e-05  106   46
0.00263094  107   46
0.0607985  108   46
0.80948  109   46
6.05005  110   46
29.1365  111   46
74.5023  112   46
239.33  113   46
181.656  114   46
169.496  115   46
81.8516  116   46
29.1707  117   46
12.6726  118   46
0.849279  119   46
0.040499  120   46
8.1098e-05  121   46
3.31992e-08  122   46
0.000177996  123   46
0.0141996  124   46
0.000450244  125   46
6.05985e-10  126   46
1.81396e-09  106   47
2.59693e-07  107   47
1.89995e-05  108   47
0.00076998  109   47
0.0178396  110   47
0.348191  111   47
3.60121  112   47
22.5002  113   47
91.2642  114   47
97.6382  115   47
118.757  116   47
101.553  117   47
59.112  118   47
19.3342  119   47
7.946  120   47
1.89615  121   47
0.467588  122   47
0.333892  123   47
0.241594  124   47
0.0202995  125   47
1.97995e-05  126   47
6.7534e-11  129   47
1.22997e-08  130   47
2.00539e-10  131   47
4.97614e-11  132   47
4.86988e-10  108   48
6.00985e-08  109   48
4.53989e-06  110   48
0.000319492  111   48
0.00999975  112   48
0.239694  113   48
1.97575  114   48
5.32937  115   48
9.82605  116   48
19.0383  117   48
27.2119  118   48
17.8142  119   48
15.6007  120   48
9.78546  121   48
8.34409  122   48
3.34202  123   48
1.10407  124   48
0.268593  125   48
0.0232994  126   48
9.82975e-07  127   48
3.34992e-07  128   48
8.36978e-05  129   48
0.000882978  130   48
6.67981e-05  131   48
7.05977e-06  132   48
1.75532e-06  133   48
3.79991e-07  134   48
1.63996e-08  111   49
1.87695e-06  112   49
0.000153196  113   49
0.00347991  114   49
0.0117397  115   49
0.0247994  116   49
0.0843979  117   49
0.352291  118   49
0.41539  119   49
0.308391  120   49
0.0703983  121   49
0.0335991  122   49
0.41219  123   49
0.946476  124   49
0.731582  125   49
0.79838  126   49
0.475588  127   49
0.331592  128   49
0.976576  129   49
1.01848  130   49
0.261994  131   49
0.0513987  132   49
0.0194978  133   49
0.00258994  134   49
1.78048e-05  135   49
1.42996e-06  136   49
3.50918e-08  137   49
8.2098e-09  113   50
4.82988e-07  114   50
1.33997e-06  115   50
8.4098e-06  117   50
0.000115997  118   50
0.000186895  119   50
2.20994e-05  120   50
2.16794e-08  121   50
0.000291393  123   50
0.226794  124   50
0.628184  125   50
1.76516  126   50
9.81626  127   50
17.498  128   50
40.6234  129   50
36.1974  130   50
29.5634  131   50
13.7698  132   50
6.26064  133   50
1.50876  134   50
0.123779  135   50
0.00866978  136   50
0.000243959  137   50
6.65983e-06  138   50
2.2127e-07  139   50
5.32987e-10  118   51
7.9998e-10  119   51
3.16992e-10  123   51
0.00973977  124   51
0.113197  125   51
0.181595  126   51
0.268393  127   51
1.50476  128   51
17.2207  129   51
44.4215  130   51
99.4502  131   51
121.655  132   51
105.626  133   51
55.8306  134   51
14.5754  135   51
3.01802  136   51
0.249994  137   51
0.0202995  138   51
0.00102975  139   51
1.03586e-05  140   51
1.20994e-06  141   51
4.23874e-08  142   51
0.000105997  124   52
0.00613984  125   52
0.00105997  126   52
2.11395e-07  127   52
1.50996e-05  128   52
0.0620985  129   52
3.07292  130   52
30.5624  131   52
77.6717  132   52
180.844  133   52
235.16  134   52
178.403  135   52
91.1827  136   52
23.3428  137   52
5.41276  138   52
0.821679  139   52
0.0847875  140   52
0.00841155  141   52
0.000346949  142   52
1.82821e-06  143   52
5.06257e-07  144   52
6.52984e-05  125   53
1.60996e-07  126   53
4.0799e-07  129   53
0.00479988  130   53
0.141196  131   53
2.10684  132   53
21.9454  133   53
91.3818  134   53
185.239  135   53
229.1  136   53
157.253  137   53
100.441  138   53
40.9682  139   53
11.6391  140   53
2.75892  141   53
0.374791  142   53
0.00850816  143   53
0.00200108  144   53
1.60502e-05  145   53
7.94e-07  146   53
2.76305e-07  147   53
1.94995e-07  125   54
1.84995e-07  130   54
2.33794e-05  131   54
0.00243994  132   54
0.230394  133   54
3.71531  134   54
41.1404  135   54
81.6024  136   54
259.237  137   54
363.464  138   54
349.508  139   54
255.341  140   54
100.177  141   54
36.8023  142   54
4.16868  143   54
1.15437  144   54
0.111581  145   54
0.00649904  146   54
0.00192088  147   54
4.29989e-06  148   54
1.76943e-07  149   54
3.30992e-10  150   54
6.64983e-08  132   55
0.000113997  133   55
0.0108997  134   55
0.206994  135   55
2.91772  136   55
69.2515  137   55
87.3997  138   55
182.61  139   55
277.035  140   55
379.339  141   55
253.394  142   55
74.2578  143   55
54.8533  144   55
14.9342  145   55
2.57874  146   55
0.630033  147   55
0.0153996  148   55
0.000823463  149   55
1.14997e-05  150   55
2.68318e-07  151   55
3.56991e-09  133   56
2.78993e-06  134   56
0.000192995  135   56
0.00876978  136   56
0.127897  137   56
1.28867  138   56
14.4573  139   56
51.6028  140   56
110.981  141   56
269.547  142   56
439.5  143   56
337.359  144   56
205.896  145   56
98.0832  146   56
24.3807  147   56
4.79658  148   56
0.403466  149   56
0.0326992  150   56
0.00186535  151   56
3.76991e-05  152   56
5.56397e-07  153   56
4.36989e-09  154   56
9.41976e-09  135   57
5.79986e-05  137   57
0.00172996  138   57
0.040699  139   57
0.503087  140   57
3.71871  141   57
41.3822  142   57
105.361  143   57
186.132  144   57
250.816  145   57
238.974  146   57
193.895  147   57
98.608  148   57
23.4242  149   57
5.50596  150   57
0.611819  151   57
0.0558986  152   57
0.00258938  153   57
6.17985e-05  154   57
7.76622e-07  155   57
3.57911e-08  156   57
2.17995e-09  137   58
1.96995e-07  138   58
1.43496e-05  139   58
0.000512987  140   58
0.0107997  141   58
0.156496  142   58
1.64456  143   58
10.1137  144   58
34.6565  145   58
100.996  146   58
190.912  147   58
235.489  148   58
149.637  149   58
94.088  150   58
29.1502  151   58
7.44581  152   58
1.01807  153   58
0.0732982  154   58
0.00539909  155   58
0.000292957  156   58
5.89985e-06  157   58
8.74978e-08  158   58
4.14613e-09  159   58
2.77993e-10  139   59
2.93993e-08  140   59
1.73996e-06  141   59
7.48982e-05  142   59
0.00226994  143   59
0.037999  144   59
0.424589  145   59
3.07462  146   59
18.0901  147   59
54.0754  148   59
92.8676  149   59
130.194  150   59
106.932  151   59
69.6157  152   59
26.0537  153   59
5.32617  154   59
1.14697  155   59
0.181695  156   59
0.0107997  157   59
0.000481988  158   59
1.92954e-05  159   59
4.54989e-07  160   59
1.05132e-08  161   59
2.96993e-09  142   60
2.53994e-07  143   60
1.26997e-05  144   60
0.000433989  145   60
0.00920977  146   60
0.143496  147   60
1.32567  148   60
5.80216  149   60
14.4974  150   60
56.0351  151   60
82.8008  152   60
79.8848  153   60
41.8763  154   60
24.3232  155   60
10.526  156   60
1.76976  157   60
0.227594  158   60
0.0253994  159   60
0.00173996  160   60
7.30877e-05  161   60
1.87995e-06  162   60
3.04992e-08  163   60
3.64991e-10  164   60
2.32994e-10  144   61
2.41994e-08  145   61
1.58996e-06  146   61
7.41981e-05  147   61
0.00208494  148   61
0.0285993  149   61
0.192295  150   61
2.14605  151   61
12.1151  152   61
21.6733  153   61
55.235  154   61
44.045  155   61
45.828  156   61
19.9851  157   61
6.91413  158   61
2.04045  159   61
0.38979  160   61
0.0440989  161   61
0.00309992  162   61
0.000142996  163   61
4.76988e-06  164   61
9.63976e-08  165   61
1.57578e-09  166   61
4.35771e-11  167   61
3.27992e-09  147   62
2.78993e-07  148   62
1.19997e-05  149   62
0.00041899  150   62
0.00855979  151   62
0.132097  152   62
0.655784  153   62
4.1876  154   62
9.59376  155   62
10.1355  156   62
28.4717  157   62
24.4545  158   62
17.6033  159   62
8.67468  160   62
2.49364  161   62
0.457289  162   62
0.0577986  163   62
0.00521987  164   62
0.000297993  165   62
1.28981e-05  166   62
3.02949e-07  167   62
4.62988e-09  168   62
6.91737e-11  169   62
2.74993e-10  149   63
1.88995e-06  151   63
8.69979e-05  152   63
0.00137997  153   63
0.0257994  154   63
0.172496  155   63
0.992175  156   63
3.49611  157   63
14.8045  158   63
13.1061  159   63
15.702  160   63
10.6111  161   63
4.69828  162   63
1.51566  163   63
0.351791  164   63
0.0542986  165   63
0.00629984  166   63
0.00040499  167   63
1.74996e-05  168   63
3.21923e-07  169   63
9.77976e-09  170   63
1.30156e-10  171   63
2.65074e-12  172   63
4.76988e-09  152   64
2.34994e-07  153   64
1.35997e-05  154   64
0.000267993  155   64
0.00475988  156   64
0.0468988  157   64
0.558086  158   64
1.23957  159   64
3.74411  160   64
5.94755  161   64
6.10435  162   64
4.68458  163   64
2.58024  164   64
0.996175  165   64
0.291893  166   64
0.0486988  167   64
0.00573986  168   64
0.000285993  169   64
2.43994e-05  170   64
9.04847e-07  171   64
2.16968e-08  172   64
2.42994e-08  155   65
1.29997e-06  156   65
3.8199e-05  157   65
0.00133297  158   65
0.0080798  159   65
0.0672983  160   65
0.271493  161   65
0.685582  162   65
1.28467  163   65
1.65096  164   65
1.50946  165   65
1.03557  166   65
0.41419  167   65
0.123897  168   65
0.0156996  169   65
0.00361991  170   65
0.000358991  171   65
2.34994e-05  172   65
2.59994e-09  157   66
2.74993e-07  158   66
4.71988e-06  159   66
0.000112997  160   66
0.00122997  161   66
0.00823979  162   66
0.040899  163   66
0.131797  164   66
0.299792  165   66
0.485688  166   66
0.450989  167   66
0.320192  168   66
0.0959976  169   66
0.0548986  170   66
0.0136997  171   66
0.00229994  172   66
1.32997e-10  159   67
3.27492e-07  161   67
6.02984e-06  162   67
8.35979e-05  163   67
0.000720982  164   67
0.00440989  165   67
0.0199996  166   67
0.041999  167   67
0.0732982  168   67
0.0513987  169   67
0.0695982  170   67
0.040399  171   67
0.0162996  172   67
3.68991e-10  162   68
1.45996e-08  163   68
3.49991e-07  164   68
6.01985e-06  165   68
7.38982e-05  166   68
0.00041259  167   68
0.00191995  168   68
0.00338992  169   68
0.0114997  170   68
0.0158996  171   68
0.0147996  172   68
4.64988e-10  165   69
1.58996e-08  166   69
2.43994e-07  167   69
3.16992e-06  168   69
1.58996e-05  169   69
0.000138997  170   69
0.000490988  171   69
0.00114997  172   69
4.47989e-10  168   70
6.23084e-09  169   70
1.52996e-07  170   70
1.46996e-06  171   70
9.15977e-06  172   70
2.53994e-10  171   71
4.3799e-09  172   71
