 	    66   5.26269e-8   2.15982e-8  #dY:41.0%  
            67   1.44129e-7    5.9325e-8  #dY:41.2%  
            68   3.84143e-7   1.57334e-7  #dY:41.0%  
            69   9.89754e-7   4.17262e-7  #dY:42.2%  
            70    2.3906e-6    9.9994e-7  #dY:41.8%  
            71   6.02452e-6   2.48156e-6  #dY:41.2%  
            72   1.40797e-5   5.78605e-6  #dY:41.1%  
            73    3.2153e-5   1.31801e-5  #dY:41.0%  
            74   7.06125e-5    2.9407e-5  #dY:41.6%  
            75  0.000151772   6.51935e-5  #dY:43.0%  
            76  0.000316804  0.000131583  #dY:41.5%  
            77  0.000625127  0.000255368  #dY:40.9%  
            78   0.00205871  0.000845192  #dY:41.1%  
            79   0.00343009   0.00118452  #dY:34.5%  
            80   0.00471483    0.0020244  #dY:42.9%  
            81   0.00834997   0.00349711  #dY:41.9%  
            82    0.0152626   0.00510116  #dY:33.4%  
            83    0.0412858    0.0165048  #dY:40.0%  
            84    0.0523612    0.0191778  #dY:36.6%  
            85     0.121811    0.0397463  #dY:32.6%  
            86     0.121731    0.0473312  #dY:38.9%  
            87     0.207546     0.085045  #dY:41.0%  
            88     0.305749     0.125193  #dY:40.9%  
            89     0.359331     0.147754  #dY:41.1%  
            90     0.542868     0.230516  #dY:42.5%  
            91     0.599491     0.249455  #dY:41.6%  
            92     0.677366     0.273489  #dY:40.4%  
            93     0.881492     0.364936  #dY:41.4%  
            94      1.11042     0.383941  #dY:34.6%  
            95      1.24954     0.405695  #dY:32.5%  
            96      1.60351     0.655604  #dY:40.9%  
            97      1.67374     0.561119  #dY:33.5%  
            98      2.27433     0.732514  #dY:32.2%  
            99      2.65128     0.553989  #dY:20.9%  
           100      3.45493     0.864943  #dY:25.0%  
           101      3.93386     0.847739  #dY:21.5%  
           102      4.03741      1.03595  #dY:25.7%  
           103      5.44624      1.11989  #dY:20.6%  
           104      5.63463      1.18608  #dY:21.0%  
           105      6.23086      1.12812  #dY:18.1%  
           106      6.31572      1.34344  #dY:21.3%  
           107      6.61804       1.4418  #dY:21.8%  
           108      6.10725     0.754828  #dY:12.4%  
           109      5.93681      1.50007  #dY:25.3%  
           110      5.90846      1.79904  #dY:30.4%  
           111      5.18749      1.07665  #dY:20.8%  
           112      4.13538     0.823618  #dY:19.9%  
           113      4.78272     0.851991  #dY:17.8%  
           114      3.32834     0.898863  #dY:27.0%  
           115      2.89714     0.710052  #dY:24.5%  
           116      2.12724      0.75501  #dY:35.5%  
           117      1.50062     0.505666  #dY:33.7%  
           118     0.993843     0.329356  #dY:33.1%  
           119     0.384137       0.1478  #dY:38.5%  
           120     0.238956     0.106129  #dY:44.4%  
           121     0.117521    0.0459182  #dY:39.1%  
           122    0.0884528    0.0534442  #dY:60.4%  
           123    0.0408857    0.0216071  #dY:52.8%  
           124    0.0254312   0.00853127  #dY:33.5%  
           125    0.0176851   0.00489548  #dY:27.7%  
           126    0.0276951    0.0118807  #dY:42.9%  
           127     0.105602     0.048261  #dY:45.7%  
           128     0.193343    0.0795129  #dY:41.1%  
           129     0.588829     0.227883  #dY:38.7%  
           130      0.84716     0.265292  #dY:31.3%  
           131      1.59979     0.349046  #dY:21.8%  
           132      2.15257      0.66399  #dY:30.8%  
           133      3.14926     0.638117  #dY:20.3%  
           134       3.8761     0.587603  #dY:15.2%  
           135      4.19689     0.733034  #dY:17.5%  
           136      4.07838      1.01045  #dY:24.8%  
           137      5.09462     0.704765  #dY:13.8%  
           138      5.58028     0.395765  #dY:7.1%   
           139      5.88407     0.393851  #dY:6.7%   
           140      5.96206     0.425826  #dY:7.1%   
           141      5.96994      0.41264  #dY:6.9%   
           142      6.01657     0.807025  #dY:13.4%  
           143      6.24943      1.16565  #dY:18.7%  
           144      5.89652     0.902394  #dY:15.3%  
           145      5.06839      1.06613  #dY:21.0%  
           146      4.43722      1.13792  #dY:25.6%  
           147      4.28053     0.784572  #dY:18.3%  
           148      3.94312      1.01343  #dY:25.7%  
           149      2.72164     0.654056  #dY:24.0%  
           150      2.44511     0.733844  #dY:30.0%  
           151      1.94886      0.79497  #dY:40.8%  
           152      1.72166     0.695415  #dY:40.4%  
           153       1.2929     0.419918  #dY:32.5%  
           154      1.06724     0.369561  #dY:34.6%  
           155     0.792871       0.3279  #dY:41.4%  
           156     0.676684     0.126305  #dY:18.7%  
           157     0.537804     0.182768  #dY:34.0%  
           158     0.469606      0.18827  #dY:40.1%  
           159     0.340229     0.141286  #dY:41.5%  
           160     0.285797      0.11731  #dY:41.0%  
           161     0.193692    0.0794898  #dY:41.0%  
           162     0.119568    0.0494837  #dY:41.4%  
           163    0.0758383    0.0325696  #dY:42.9%  
           164    0.0472073    0.0197515  #dY:41.8%  
           165    0.0286444    0.0117023  #dY:40.9%  
           166    0.0183954   0.00755573  #dY:41.1%  
           167   0.00956695   0.00394044  #dY:41.2%  
           168   0.00525068   0.00224714  #dY:42.8%  
           169   0.00166788  0.000704449  #dY:42.2%  
           170    0.0013978  0.000478126  #dY:34.2%  
           171  0.000708507  0.000291388  #dY:41.1%  
           172  0.000345818   0.00014186  #dY:41.0%  
